SELECT
    q.Id AS QuestionId,
    q.CreationDate AS QuestionCreationDate,
    q.Body AS QuestionBody,
    a.CreationDate AS AcceptedAnswerDate
FROM
    Posts q
JOIN
    Posts a ON q.AcceptedAnswerId = a.Id
WHERE
    q.AcceptedAnswerId IS NOT NULL
AND
q.Id IN (11913653,3096552,3536836,3559698,3598327,3704640,3712177,3817028,3984371,4023839,4083920,4168809,4449924,4557396,4751146,5232321,5272305,5500216,5550961,5551118,5554610,6017422,6031688,6110652,6192853,6252448,6291325,6349551,6524789,6694043,6847478,6872318,7306179,7435235,7756281,7794433,7807130,7853013,8532374,8619322,8645146,8998564,9024118,9045024,9069031,9179265,9198228,9229582,9364404,9367771,9424590,9458101,9566615,9594503,9767235,9848303,10053156,10087647,10208917,10334149,10386043,10416219,10637290,10662637,10772901,10796905,10860452,10882282,10909824,10952238,10982432,10987152,11114396,11181691,11231313,11231842,11381491,11390196,11444703,11459701,11492956,11517507,11584617,11663177,11693225,11727972,11728312,11745334,11799009,11800136,11822931,11823894,11852286,11853913,10602085,10598796,10597570,10591528,10568690,10113352,9909317,9908486,9690706,8982438,8324659,8237581,8179291,8172349,8124756,8069271,7963605,7957135,7915095,7667051,7643050,7583174,7568172,7039948,6955870,6943182,6666732,6185097,6182472,6054964,5890940,5889179,5180929,4991951,4926057,4617632,4607585,4321432,3616704,3133897,2747432,2472157,2472147,2403516,2087646,1951894,1403571,1334842,1334480,1328252,1089191,514455,11855624,11858831,11861961,11864784,11869449,11883054,11886209,11917192,11930646,11930925,11931145,11936880,12006589,12012793,12083089,12166018,12292922,12361377,12463233,12485991,12586193,12614766,12632775,12647824,12654775,12668132,13030177,13047452,13050706,13084661,13092033,13148620,13197950,13199339,13249396,13284869,13286440,13327361,13330854,13365749,13439296,13464234,13478024,13483256,13501989,13632028,13651811,13708176,13714247,13819710,13886159,13894036,13895370,13927114,13928769,13971587,13973948,13979830,14058589,14086025,14086364,14156539,14157554,14171055,14199980,14206905,14222693,14270745,14337216,14339475,14353105,14421563,14449253,14477486,14506391,14521892,14524139,14544631,14573515,14576249,14621862,14742918,14819750,14827628,14834992,14844428,14987200,15005084,15010445,15039756,15082440,15112756,15136868,15197494,15211010,15212411,15229636,15362404,15362520,15466642,15479011,15483456,15557047,15574886,15633186,15661416,15662986,15722089,15805402,15823136,15834182,15842107,15873903,15878053,15879366,15938576,15946911,16010727,16146798,16173192,16208576,16229347,16269903,16278791,16294071,16365978,16390069,16730514,16738074,16744579,16833882,16847870,16889771,16890053,16899900,16988996,16998777,17023135,17050714,17079499,17083811,17107721,17112104,17126396,17126996,17137015,17143215,17151144,17167718,17172120,17179275,17188783,17196710,17206918,17219953,17227809,17233502,17240695,17253246,16725012,16681407,16674017,16608959,16528145,16454862,16451836,16450240,16415483,17297596,17329248,17336260,17338212,17347615,17358959,17375564,17381737,17408483,17431308,17457069,17463986,17489435,17515326,17519365,17539218,17542196,17694993,17695572,17696012,17719133,17722930,17723174,17724947,17725660,17734967,17737939,17748894,17750219,17773642,17776045,17801969,17809540,17813427,17814673,17817714,17827312,17838851,17848478,17941082,18029024,18057913,18149403,18179509,18242741,18534146,18534422,18556005,18571901,18630141,18630845,18635291,18671667,18686724,18706656,18712637,18728429,18748403,18763497,18769924,18792896,18794619,18839347,18873998,18879772,18881884,18903284,18915121,18945196,18950324,18957888,18972016,18974644,18985166,18994548,19000273,19006069,18511643,18506165,18497302,18490616,18485196,18453100,18416967,18406550,18395546,18392149,18385026,18383381,18374181,18372801,18351081,18344766,18332385,18322607,18320303,18320117,18277565,18262493,18262360,18261427,18255393,18253484,18243741,18243046,18239243,18234482,18226977,18175138,18149580,18141056,18140613,18124723,18106848,18088700,18053609,18047843,18046860,17980105,17974038,17966827,17955326,17946389,17931439,17929915,17907114,17868232,17865366,17860628,17856834,17856640,17853139,17849518,17648372,17629176,17624469,17613685,17611798,17599427,17543612,17538688,17531428,17527096,19029844,19035081,19055869,19060423,19063977,19101000,19111964,19136334,19141643,19143726,19145680,19147132,19160968,19208556,19217568,19232566,19251956,19257900,19271055,19287201,19299681,19300350,19301973,19335693,19344118,19356198,19399397,19406491,19407943,19415593,19432189,19438776,19439375,19443096,19453165,19496942,19523643,19531141,19535342,19537116,19549286,19549840,19589063,19590915,19594890,19594964,19599111,19621601,19650777,19661538,19693007,19709390,19710718,19724026,19745543,19773741,19776230,19777921,19788427,19790738,19808318,19831623,19836905,19845810,19870031,19883739,19885446,19906417,19919299,19942126,19943079,19944863,19962313,19992302,19997731,20007939,20011958,20014054,20016943,20132142,20177909,20186744,20195508,20267658,20353540,20392791,20400996,20402367,20467487,20471966,20472670,20476835,20478276,20622575,20681276,20694142,20706131,20783829,20787639,20803943,20900870,20977706,20986621,21186891,21211982,21254735,21427976,21440669,21442348,21452977,21458479,21462687,21464037,21476629,21532837,21538829,21549000,21556114,21568166,21580865,21582292,21587034,21610806,21682319,21704345,21710204,21756198,21777626,21795708,21812264,21813396,21818665,21822803,21906466,21936984,21947720,21964106,21967398,21975513,21982004,22030186,22046625,22063961,22074014,22079597,22084583,22090964,22097381,22108219,22108228,22115565,22117118,22154831,22155727,22165016,22168868,22178867,22201306,22219808,22219912,22234465,22236229,22238503,22246684,22252881,22253965,22254057,22286392,22297109,22302571,22317145,22335854,22353307,22374583,22427728,22430284,22435973,22436594,22475476,22485673,22498675,22500587,22502058,22506519,22506658,22511692,22515635,22534630,22535268,22544653,22547639,22570961,22586455,22594507,22619000,22623843,22628655,22648551,22681732,22698439,22862391,22871453,22872374,22890501,22908479,22937127,22944713,22949072,22951276,22956615,22956763,23087544,23092163,23117412,23144380,23148774,23153355,23159516,23160351,23161508,23169739,23187507,23205582,23206893,23215958,23226860,23309306,23349799,23349950,23350109,23358928,23362687,23380746,23388242,23390096,23399461,23422194,23478031,23482119,23499180,23502247,23506057,23506205,23524577,23527359,23528583,23541425,23570448,23571248,23593683,23599618,23601830,23614007,23618209,23618958,23620637,23629222,23639344,23302986,23299071,23289829,23275758,23268319,23265696,23243952,23137250,23118479,23116122,23113206,23111540,23100474,23097539,23096046,23090173,23039349,23021930,23016377,23014729,23012720,23007549,22998749,22982426,22966886,22966029,22833088,22822878,22821415,22809204,22793620,22777032,22744803,22731073,22720503,22707108,22456452,22435181,22433978,22142170,22136028,22018638,21888845,21882735,21874064,21863368,21853989,21853775,21779280,21777087,21773801,21756749,21752103,21730507,21632111,21620801,21595864,21594700,21592783,21592383,21518964,21501797,21383521,21382848,21333976,21299519,21283835,21265435,21256728,21230081,21223377,21213143,21173084,21168709,21157826,21151660,21148851,21145291,21114109,21102775,21095255,21093020,21089583,21032015,21031204,21014866,21012435,20998653,20966921,20956859,20955599,20911458,20868146,20866466,20837659,20758504,20757887,20757014,20744531,20743866,20740166,20740096,20733772,20681540,20660882,20640963,20612597,20608127,20605410,20594642,20584987,20508545,20505465,20496954,20496880,20493988,20454988,20414241,20411093,20410748,20385974,20371528,20299740,20249037,20241859,20241403,20229981,20213032,20154803,20102683,20094797,20088369,20087848,20084432,20071872,20069002,20043222,23640990,23641379,23644046,23654354,23669023,23680003,23715705,23719447,23739205,23745613,23753729,23774795,23776604,23776752,23788054,23791519,23811213,23821422,23828836,23852451,23876514,23884817,23889229,23903011,23914280,23916671,23927378,23954845,23957993,23958878,23963297,23978021,23998251,24015382,24036622,24051887,24068831,24076688,24077439,24104495,24117876,24118659,24131560,24159316,24159645,24160436,24179285,24182046,24182402,24188596,24190587,24195075,24237083,24241992,24256095,24266566,24269157,24281916,24283697,24324060,24329838,24330471,24378797,24395450,24400823,24409173,24413681,24420043,24424206,24442232,24449690,24450079,24481203,24484571,24496406,24499115,24515798,24517453,24521952,24522399,24533494,24547549,24565317,24580260,24647270,24661768,24669190,24689265,24691229,24691776,24694751,24706902,24709844,24711322,24740751,24743027,24747452,24747659,24749368,24749855,24765597,24771730,24782781,24787069,24797427,24803106,24803578,24813405,24816281,24818457,24821061,24856033,24862295,24876982,24886777,24895187,24898034,24915011,24917455,24928548,24933149,24941834,24956868,24959367,24982325,25125261,25134570,25165544,25167738,25170991,25180241,25184809,25195505,25198157,25202356,25229240,25229279,25230376,25245022,25296378,25375349,25411705,25490938,25510071,25530811,25533273,25536635,25546298,25559137,25728840,25749812,25751350,25751651,25772560,25773800,25775595,25776512,25820706,25831673,25872122,26081418,26093780,26116911,26118012,26167140,26195630,26206840,26208810,26231418,26233503,26235304,26247366,26254329,26276789,26281668,26287093,26293218,26299128,26307347,26363681,26364664,26382218,26397914,26399455,26400913,26409717,26418454,26432267,26452253,26462487,26473951,26500969,26521509,26538393,26548075,26592464,26603072,26623183,26646321,26723342,26725061,26743670,26814429,26815021,26909504,26909712,26913240,26914292,26916724,26940555,26982798,26983618,26988773,27042276,27044188,27049104,27054613,27059282,27061588,27072509,27083280,27091365,27101046,27104851,27131111,27132238,27159890,27163527,27173837,27179169,27184581,27200220,27229298,27233169,27237389,27242552,27288826,27312127,27471575,27472078,27494167,27495487,27523272,27541896,27604597,27605820,27606273,27699296,27723516,27724318,27726746,27728783,27770370,27781178,27880487,27888722,27910011,27926840,27936010,27938291,27962142,27964739,27968344,27978256,28005925,28032470,28054606,28067974,28090731,28106344,28118984,28120224,28122178,28159971,28192387,28196435,28292902,28298514,28310520,28312466,28318141,28326804,28331878,28337472,28379191,28385124,28394053,28394812,28396455,28419134,28419927,28440559,28460156,28460751,28475462,28475466,28476833,28480364,28483126,28488449,28494611,28499959,28535214,28536136,28550103,28556805,28582838,28584579,28272946,28271053,28248149,28242766,28222985,28219579,27848855,27681875,27671899,27645978,27511924,27454629,27452418,27374165,27350881,27348400,27342218,27306998,27302575,27264167,27261802,27251052,26929999,26881060,26863519,26590393,26589118,26540697,26519467,26519083,26517922,26516543,26341286,26318842,26065573,26062474,26062348,26061096,26033996,26013707,26010254,26003298,26003090,26001468,25967293,25962134,25943893,25941702,25914758,25910709,25888997,25882427,25871590,25868170,25867197,25704913,25704834,25699597,25689281,25683742,25679818,25671045,25647780,25637288,25629082,25623481,25600689,25583811,25568238,25406961,25405724,25397914,25389995,25386499,25382457,25347624,25344128,25340676,25333746,25315904,25303345,25302853,25289737,25093128,25081924,25072376,25067384,25065134,25056809,25056600,25048768,25030798,25020692,25008627,25006754,25004756,24986666,24848267,24830338,28633396,28640447,28653606,28655162,28663711,28680266,28686914,28707863,28716616,28725572,28736890,28745083,28755479,28759926,28769723,28793832,28799621,28819523,28822675,28832484,28832535,28834666,28847453,28849718,28860221,28863504,28882642,28887506,28892362,28905265,28930390,28931664,28982117,28983459,28987479,29005338,29027219,29032985,29064334,29105836,29112839,29117708,29121602,29142494,29149326,29153248,29160364,29160604,29175197,29176735,29177412,29188920,29191214,29204217,29211242,29213228,29216574,29252908,29261696,29263011,29284207,29290092,29292440,29295106,29295589,29305885,29318068,29350616,29377362,29383302,29410292,29419435,29419523,29427183,29430736,29434283,29457232,29466703,29471242,29484563,29501779,29510654,29511546,29525437,29537711,29540385,29556258,29565086,29571402,29592590,29602745,29611386,29627000,29628456,29638400,29639133,29650426,29653354,29663128,29676253,29678421,29704564,29726018,29747500,29752308,29761454,29801968,29945904,29946434,29960881,29964941,29970262,29988806,30047830,30050196,30070652,30073004,30083737,30100592,30104833,30113481,30129095,30162349,30170569,30200980,30211549,30213490,30214153,30220889,30227780,30242647,30254444,30302908,30304174,30323180,30334787,30335635,30353672,30361930,30365855,30366226,30371246,30375667,30386792,30390920,30391128,30423857,30455265,30465671,30481127,30497483,30528038,30565957,30578943,30579877,30595855,30600530,30603268,30624775,30784384,30807184,30852045,30854794,30858546,30860166,30861919,30867358,30867449,30891478,30902344,30906719,30912253,30939682,30939730,31008035,31030101,31042083,31044225,31047426,31060854,31062548,31107916,31108151,31148217,31186548,31207171,31254821,31257917,31275411,31276899,31284546,31287050,31289645,31329420,31344061,31387657,31406830,31409051,31409372,31421144,31429319,31432613,31433656,31442291,31458500,31467156,31467892,31471395,31475332,31478994,31486493,31533967,31552094,31590531,31596245,31602270,31605170,31614149,31640998,31649803,31650569,31651506,31658113,31679892,31687278,31697680,31699521,31715776,31730700,31732573,31736412,31746159,31748281,31766835,31781263,31790358,31794292,31831243,31845151,31847677,31855657,31856462,31856779,31861835,32047983,32063794,32065544,32068121,32073375,32085536,32086678,32088930,32101001,32116883,32119365,32121868,32123642,32157446,32158812,32160221,32165339,32219927,32256666,32263223,32327283,32331288,32333004,32335564,32347343,32349383,32362216,32373819,32385908,32396287,32423681,32444879,32459894,32460617,32463959,32469627,32590364,32599396,32636120,32697085,32708016,32720552,32727005,32744663,32800561,32833521,32946879,32955197,32978429,32988219,32999634,33332058,33429847,33451078,33474742,33521496,33534474,33544722,33551234,33566701,33579409,33579648,33606517,33609310,33629661,33638022,33644515,33653408,33675497,33679785,33679816,33692808,33696946,33698016,33739701,33759609,33773577,33775769,33778190,33780422,33782328,33784361,33807934,33808033,33811748,33435434,33432844,33400402,33397310,33382386,33329596,33320839,33319152,33312682,33298523,33290560,33266908,33266127,33262202,33255050,33244972,33236281,33228867,33226177,33225724,33177294,33149224,33138310,33129582,33119573,33110209,33099005,33086405,33085084,33070427,33039652,33028159,33027517,33021736,33007845,33004757,32997441,32995431,32991692,32989338,32982693,32958600,32957872,32924039,32896394,32883918,32877616,32877385,32828023,32798732,32599643,32581755,32576048,32501522,32497819,32484144,32312435,32299003,32275373,32264687,32248953,32238618,32223565,32219363,32216228,32215387,32019548,32017721,31982968,31946694,31925691,31842655,31841558,31838035,31837115,31836241,31821309,31794892,31572786,31568279,31567499,31363148,31320956,31305049,31011006,31008053,30996412,30767338,30748827,30731916,30721667,30686189,30663452,30647882,30641876,30634590,33821149,33825318,33838913,33841397,33863219,33866240,33872831,33883323,33890004,33934011,33960368,33988217,34021162,34027364,34030610,34054340,34072872,34074703,34111372,34127359,34139590,34142095,34147832,34151722,34157297,34169710,34186113,34204794,34210848,34213082,34218247,34226837,34227003,34247925,34260564,34301790,34319959,34341113,34343859,34391996,34443650,34448735,34454426,34457845,34475029,34477748,34498480,34505918,34519417,34521056,34537686,34542019,34547598,34548694,34577643,34587673,34589751,34597592,34600542,34613296,34622195,34626244,34628394,34639231,34649165,34662657,34681959,34709749,34709973,34725519,34726713,34728382,34733103,34737232,34776872,34776961,34796858,34808864,34826564,34841027,34850140,34853567,34874254,34879615,34883356,34883951,34910613,34918231,34926913,34935059,34935664,34937208,34938715,34945872,34948453,34949682,34965840,34980330,34997898,35002913,35007805,35012046,35026289,35062971,35083827,35087473,35120257,35140762,35155477,35174368,35179981,35195500,35198819,35204076,35207741,35217223,35224165,35263158,35265206,35271307,35289299,35292661,35298643,35303055,35308084,35316367,35317193,35319010,35337665,35344070,35348612,35378507,35380084,35389577,35403025,35430571,35437609,35440393,35458814,35464401,35467628,35472446,35474393,35504458,35517747,35562498,35571560,35581013,35582371,35608740,35621969,35645896,35669740,35696772,35697454,35702890,35706223,35707333,35709757,35854336,35870784,35877393,35884934,35910328,35924605,35925982,35937559,35938320,35939772,35943514,35964270,35981741,35990284,35991700,35993863,35999727,36014305,36024487,36044571,36056832,36056835,36086344,36086517,36124540,36126948,36127736,36131890,36131896,36132167,36134518,36136331,36155291,36175255,36179955,36186053,36189450,36213071,36214858,36219111,36221059,36259882,36268639,36279131,36289247,36305067,36305969,36306769,36314124,36359647,36365924,36366816,36390387,36393749,36078076,36070443,36070064,35764571,35762376,35749949,35749707,35747742,35737657,35735950,35733463,35731117,35730919,35720410,36395843,36400373,36405601,36419553,36434269,36449948,36454583,36458104,36481239,36485249,36496860,36525170,36533001,36544112,36586069,36706056,36735782,36811094,36823540,36845710,36855285,36855438,36863018,36866076,36870631,36880660,36894629,36897714,36906484,36906717,36911392,36919026,36930624,36938553,36945635,36946707,36958125,36959305,36962745,36970906,36987557,36990651,37003323,37006570,37014065,37040563,37041793,37045652,37050656,36793784,36792868,36790684,36786684,36771865,36765046,36762162,36761588,36760622,36755269,36745389,36738627,36738229,36721791,36703949,36701035,36686110,36662829,36642617,36637600,36621152,36611068,36588197,37083549,37092746,37103036,37105332,37113421,37118240,37127799,37131467,37174461,37174907,37189571,37221700,37254738,37257035,37261243,37267250,37279236,37280089,37297124,37297599,37302096,37302261,37302566,37303771,37309449,37317534,37330635,37343897,37356684,37359507,37371575,37386462,37390465,37443914,37468973,37471894,37539580,37546295,37550108,37554187,37556713,37563453,37567466,37570421,37574844,37580908,37584256,37584498,37592608,37597773,37599153,37601832,37608121,37611333,37615466,37617090,37622227,37627991,37638522,37659954,37664075,37667026,37679116,37761721,37777512,37781974,37816763,37850181,37857553,37871607,37887689,37918254,37931803,37948566,37953972,37988423,38205102,38209680,38209763,38221369,38235337,38256530,38262147,38295561,38300662,38315266,38322767,38323984,38334471,38336419,38340424,38348752,38363981,38364795,38366085,38367128,38369339,38372901,38382281,38386059,38398060,38408949,38434799,38435058,38454350,38467455,38470256,38474659,38160597,38152103,38140927,38139073,38114854,38093505,38088660,38074062,38061298,38058583,38046897,38041323,38021309,37990516,37989972,37989074,37959407,37940416,37913407,37881594,37875315,37867155,37862350,37819809,37786310,37756451,37750833,37745986,37743864,37738645,37735969,37734772,37733504,37723162,37708534,37702936,37701803,37700765,37697361,37696731,38491843,38517672,38517785,38521268,38525591,38528638,38529625,38535759,38541510,38546096,38559867,38561988,38562566,38564536,38569347,38580344,38580780,38582513,38602754,38602903,38604841,38622913,38643915,38692335,38696198,38697585,38717965,38725808,38746780,38757994,38788102,38815244,38820155,38840549,38881335,38882898,38883830,38884296,38898744,38956107,38982450,39004318,39016657,39018643,39033427,39055431,39075213,39123021,39148870,39171400,39184429,39217180,39415340,39416993,39495757,39653001,39826733,39882352,39883162,39901030,39968495,39970385,39976733,39979709,39996544,40000665,40045913,40139357,40140449,40152876,40161551,40190040,40218393,40270243,40279801,40291374,40333092,40349866,40359181,40392691,40407936,40507261,40510347,40511376,40517811,40572728,40575374,40575924,40580355,40585558,40590004,40593709,40602894,40629703,40670968,40673631,40685908,40703202,40707004,40719959,40729835,40785961,40787490,40799368,40802755,40817627,40894378,40896191,40899057,40911088,40918252,40921015,40927793,40932893,40936470,40937791,40939665,40941249,40975993,41005565,41038975,41068724,41121347,41132812,41135801,41149234,41154083,41155580,41176391,41180346,41181038,41183229,41185567,41185611,41187110,41206763,41240858,41260245,41269333,41279153,41297320,41304888,41307166,41325445,41332125,41341823,41342009,41374857,41375019,41378859,41445192,41462177,41465787,41468827,41472219,41473724,41510229,41529769,41546587,41547839,41574348,41578828,41595082,41607794,41610064,41614815,41614996,41619788,41621476,41639782,41683722,41697897,41698983,41703865,41718485,41729801,41740321,41748451,41749229,41755543,41767999,41794321,41802237,41896716,41898831,41947888,41951074,41967887,41969891,42002109,42014993,42035381,42040330,42045790,42197564,42208233,42216640,42217960,42238308,42254459,42259209,42259679,42260129,42261189,42263113,42280091,42348494,42350722,42357829,42365128,42365286,42367733,42372372,42376142,42398987,42412131,42421179,42424651,42427034,42433432,42437162,42439381,42465710,42468738,42487188,42496826,42502016,42512264,42515463,42517309,42517538,42563175,42573052,42575647,42599411,42614678,42615004,42617395,42341502,42337942,42300600,42294909,42150954,42125915,42125482,42062700,42048872,41944332,41886309,41882814,41876861,41869526,41837789,41827721,41815562,41812804,41811276,41685994,41497029,41215859,41113580,41112127,41098960,41090178,41089639,41083618,41003011,41000082,40999991,40996597,40993845,40978565,40977820,40975507,40966211,40889493,40862153,40856602,40843575,40771472,40769940,40737374,40722492,40721242,40720208,40657753,40653520,40642949,40642928,40641333,40640804,40614663,40607122,40606186,40538614,40530922,40514102,40511194,40511031,40510437,40485738,40469084,40459068,40438315,40398091,40383731,40342183,40311366,40294736,40292309,40287139,40285573,40265674,40265559,40223977,40200488,40198814,40192829,40189061,40184281,40170664,40118366,40118180,40115878,40115042,40102514,40026032,40015894,40009075,40003509,39991274,39950176,39943362,39879567,39879385,39873782,39867070,39857739,39846019,39839885,39835606,39829348,39769966,39765331,39760130,39750786,39745280,39697044,39696810,39683363,39641224,39637701,39634601,39623177,39614883,39595786,39581882,39576583,39570366,39557463,39512579,39510219,39505813,39503419,39444299,39433850,39376817,39365986,39306395,39276811,39275895,39273455,39262157,39258934,39247183,39244648,39230465,39188536,39179592,39135597,39082969,39062461,39048957,39020591,38966748,38962273,38931804,38890749,38878924,38844578,38801791,38767083,38761109,38760254,38746870,38741235,38686813,38655237,38619216,38618609,38570587,42628672,42629737,42633918,42658378,42667794,42674799,42675205,42675341,42676824,42677825,42702850,42714879,42717276,42730234,42753702,42760051,42771593,42787537,42816889,42832133,42836723,42843544,42847005,42852099,42859981,42862865,42865625,42871083,42902135,42904536,42915293,42919907,42920277,42943795,42948454,42951666,42958954,42960735,42970262,42978287,42980154,42985436,42985456,42987283,42994085,43002195,43006545,43029068,43035707,43055783,43073393,43087611,43107177,43163312,43171404,43193755,43209356,43210886,43214094,43228209,43234267,43251446,43254110,43276798,43283413,43333919,43373172,43417154,43417856,43434373,43442669,43456870,43471398,43473526,43485978,43501215,43505489,43540682,43587919,43593677,43617386,43658376,43658403,43678786,43709397,43719151,43721311,43726868,43732983,43735245,43754339,43764677,43773915,43796564,43806321,43903122,43913982,43925315,43937598,43941837,43943180,43944931,43946014,43967596,43968574,43976130,43976780,43978058,43982851,43984226,43985941,43987256,43989782,43992982,44003319,44011444,44033763,44065504,44168774,44171082,44182064,44197188,44198649,44203433,44207532,44221870,44267314,44278829,44286811,44327572,44359372,44388727,44452991,44456187,44457020,44459852,44486302,44494761,44494876,44502118,44506173,44507615,44522176,44527906,44531459,44531629,44543546,44560242,44561183,44760516,44765325,44765789,44767398,44784726,44805666,44806920,44814874,44818486,44833659,44870812,44877983,44882504,44889613,44890645,44903893,44905328,44908069,44918088,44926176,44948746,44950742,44957142,44961090,44967096,44981012,45001163,45001258,45012614,45015116,45034961,45035063,45037406,45042703,45042923,45044746,45046679,45066233,45069159,45093023,45097422,45126947,45148646,45149359,45154216,45159060,45160122,45163618,45182227,45245966,45280205,45283031,45291229,44950288,44728298,44718584,44702238,44683896,44677316,44620535,44616073,44611823,44606892,44596396,44590249,44587071,44417327,44409502,44401251,44386714,44379387,44377515,44327511,44316075,44313572,44313404,44309486,44151297,44148630,44131916,44122460,44121114,44119993,44070945,44063944,44044828,44040499,44032694,43887207,43886758,43866989,43866309,43851114,43832839,43813226,43812176,43803021,43798297,43787816,43782776,43641122,43633793,43620434,43612630,43609375,43607401,43598715,43385801,43385505,43377252,43364955,43354690,43271711,43146189,43129505,43123910,43122331,43121237,43116398,42939760,42932391,42925101,42919816,45304465,45306182,45306260,45319458,45323139,45333179,45336661,45342394,45380584,45427886,45431148,45432994,45442962,45450618,45467689,45491543,45494470,45508579,45513173,45552864,45554416,45556645,45570262,45573725,45577247,45581665,45586473,45588311,45599800,45607268,45607951,45608744,45609137,45613881,45618001,45624969,45626707,45633370,45639182,45659760,45715549,45728159,45741675,45744998,45765403,45970047,45971333,45979429,45993273,45996879,46036707,46044547,46045192,46048769,46062855,46065045,46066571,46072567,46072620,46081237,46096923,46105111,46107472,46119178,46146971,46157785,46160491,46182176,46182600,46191867,46194521,46197598,46198434,46210424,46216308,46236156,46272139,46296859,46301028,46310317,46318140,46334873,46339546,46351511,46355152,46364614,46371310,46398826,46399060,46404758,46410375,46410799,46412322,46422384,46427122,46428054,46438433,46452840,46459977,46467775,46469702,46472058,46483138,46493472,46504828,46508335,46521944,46538313,46546120,46546838,46554564,46555679,46558842,46560979,46567750,46569236,46581837,46607338,46612459,46636844,46660372,46692095,46696294,46696602,46702562,46704300,46709283,46714560,46726976,46729491,46733113,46747703,46764974,46767181,46781461,46787896,46795295,46808611,46808898,46813371,46824515,46827480,46838218,46844435,46854217,46854766,46855983,46856698,46883834,46906976,46926058,46931526,46934012,46947411,46948264,46948494,46955648,46955827,46969280,46973394,46979222,46991373,47006237,47016972,47023961,47039157,46770408,46650033,46636188,46633817,46613704,46605231,46602371,46587819,46584699,46415600,46413517,46269158,46187643,45898026,45878011,45866623,45859485,45805217,45778588,45487476,45481974,45470540,47070648,47074287,47094208,47102261,47103211,47115734,47134951,47141706,47148986,47152663,47162693,47171969,47173659,47212127,47215594,47233040,47254565,47267594,47269152,47289696,47294272,47316427,47319243,47330800,47343103,47369443,47372139,47379020,47383048,47401518,47410247,47414938,47415371,47420761,47422315,47423941,47440175,47458334,47462998,47470682,47476218,47519928,47521540,47524448,47532625,47533361,47541227,47542951,47560313,47581696,47589489,47600510,47623282,47636629,47645990,47655321,47660228,47700460,47715098,47721682,47767754,47772595,47775668,47787235,47808405,47809821,47815388,47817322,47823058,47833058,47847955,47849672,47872382,47872708,47874419,47883769,47886713,47888667,47889137,47939061,47940816,47948466,47954848,47969982,47974943,47983128,47994921,48009091,48010702,48021026,48030880,48032097,48109943,48174374,48189332,48227003,48252217,48263541,48267999,48270369,48310269,48330857,48344949,48370964,48376943,48390104,48414742,48415304,48418169,48432890,48436481,48440034,48440439,48443572,48450733,48450815,48464115,48467945,48488433,48488641,48503886,48509083,48528196,48528633,48540800,48542333,48542410,48547051,48547182,48554664,48567122,48568166,48568421,48588541,48610337,48345238,48333935,48319877,48262079,48221458,48217655,48210322,48190819,48186539,48169561,48164745,48150406,48133036,48130735,48120988,48118174,48116507,48105424,48065707,48059375,47927795,48618161,48621842,48627795,48633429,48635645,48637013,48639501,48659606,48662702,48667047,48668273,48669935,48670553,48671421,48676270,48685715,48689315,48691646,48702043,48704423,48705028,48710193,48713720,48715387,48732185,48742343,48747790,48769841,48770629,48772593,48780607,48783529,48784209,48784360,48784700,48786201,48791092,48803209,48806932,48815566,48818493,48830075,48849262,48888570,48889990,48894633,48895554,48909234,48924830,48925016,48932006,48932439,48933518,48935191,48937316,48940023,48947675,48953057,48953526,48985030,48986732,48993241,49004012,49008846,49013777,49021633,49029913,49041501,49042015,49059631,49065295,49067373,49069910,49073460,49087351,49092243,49120200,49121893,49123239,49127394,49139395,49140578,49147027,49153306,49162450,49168213,49171781,49174837,49178033,49182313,49182706,49185651,49187958,49190247,49191484,49192672,49201170,49231557,49245859,49246274,49260680,49283246,49283363,49289748,49298989,49301388,49309503,49315067,49333830,49342801,49343139,49347185,49372620,49388159,49390202,49404376,49435692,49441286,49442751,49446427,49451731,49456781,49473799,49477367,49479520,49486708,49495948,49498932,49521541,49522027,49531281,49532272,49532565,49542535,49552202,49556192,49571999,49574969,49581052,49591369,49595199,49610780,49619100,49626097,49632221,49640180,49661232,49679441,49429418,49419342,49412179,49402133,49397468,49374932,49343391,49680732,49690131,49696529,49702056,49723186,49737069,49738091,49755705,49782300,49782614,49783004,49783164,49801421,49804372,49813245,49814177,49825739,49826939,49836488,49837023,49840942,49846102,49847912,49855251,49857796,49861161,49871378,49884623,49901803,49906316,49906756,49923107,49933564,49944456,49949107,49956626,49972103,49974195,49974950,49977330,49979226,49984653,49987595,49988952,49992057,49995848,50008012,50011466,50024626,50034797,50035030,50038437,50046470,50054004,50066943,50068185,50077237,50105652,50114459,50129020,50135610,50135929,50137819,50138171,50138480,50144464,50162700,50173960,50184142,50191450,50195984,50198628,50199842,50217927,50218823,50228233,50230380,50231867,50236226,50238357,50238404,50242658,50257493,50285452,50298256,50301082,50311929,50315181,50334474,50347318,50369400,50370107,50375468,50378155,50389955,50403737,50410309,50418584,50418905,50432030,50433033,50443545,50451273,50451717,50453098,50455599,50455772,50458188,50486039,50497442,50526689,50585618,50585776,50633716,50640731,50648519,50706868,50748443,50774367,50779480,50780658,50785054,50793430,50809094,50816115,50816609,50817607,50823436,50825475,50827275,50828233,50829261,50834686,50846650,50849344,50850153,50853471,50856045,50856302,50864069,50891407,50896623,50903197,50911726,50927646,50933147,50942163,50953368,50957634,50959184,50965417,50976399,50996832,51017783,51025366,51030219,51035435,51044361,51046942,51047574,51051484,51051745,51055192,51062715,51069724,51072779,51081960,51085714,51088984,51121340,51136574,51147398,50881194,50880695,50880603,50766908,50764614,50759098,50758123,50757254,50743027,50726323,50719596,50710246,50702849,50696878,50692788,50688922,50686948,50684215,50683597,50643080,50633202,50627049,50625947,50617810,50564799,50552158,51152485,51155396,51156918,51158089,51163121,51169564,51174369,51177802,51177944,51189951,51201236,51205196,51235830,51246177,51249317,51266407,51268853,51269696,51284584,51292229,51295521,51298645,51299342,51301413,51310517,51316518,51323876,51361392,51362210,51369812,51370887,51387437,51426580,51436051,51437493,51447085,51448727,51467083,51497390,51499687,51502459,51502793,51539166,51539271,51542834,51550253,51558313,51564494,51577884,51580035,51592545,51603061,51608738,51609917,51616243,51616953,51632406,51644081,51650674,51657314,51666816,51668436,51690091,51695603,51732754,51742289,51746519,51755079,51756599,51802045,51811399,51829135,51830457,51851808,51855608,51856527,51863621,51880536,51898351,51936275,51946235,51950498,51965825,51971239,51977436,51980543,51984730,51984966,51997479,52007251,52012587,52016778,52053258,52060083,52064123,52067616,52086652,52088953,52090787,52093973,52098611,52183511,52188103,52193241,52221954,52224605,52228089,52230347,52232011,52232106,52232830,52236453,52258188,52259038,52260799,52261082,52273322,52287190,52289751,52318683,52320194,52351242,52364380,52386046,52386291,52386322,52388403,52409289,52411496,52455403,52458626,52467172,52477625,52479314,52486414,52490955,52491831,52500725,52501188,52504667,52542909,52544244,52553363,52568212,52605557,52636101,52657364,52694065,52726963,52731549,52742698,52742761,52744540,52745563,52746000,52749247,52754456,52768368,52778798,52812920,52819528,52823895,52824561,52826592,52830951,52834425,52835081,52836751,52847985,52860705,52865318,52872183,52879145,52890460,52893160,52943841,52944362,52945235,52952164,52957021,52960393,52967024,52973248,52983748,52987703,52991066,52992257,52992811,53009035,53009437,53017503,53023288,53038151,53043962,53045582,53049882,53049911,53068311,53077452,53088506,53105643,53111788,53152063,53153090,53161760,53166385,53186971,52942023,52940264,52937289,52741062,52735549,52719837,52715634,52690859,52687463,52679331,52674997,52666382,52656537,52628538,52598637,52587816,52569660,52559986,52554576,53188280,53204067,53213188,53222075,53234045,53243735,53267414,53270129,53277369,53282807,53289652,53290181,53290456,53290737,53296031,53303880,53305892,53306136,53315479,53315800,53317727,53318777,53323044,53325810,53328851,53333106,53342310,53342533,53344536,53349358,53390834,53393678,53406939,53414248,53414667,53419602,53501326,53523339,53524250,53550558,53594580,53607056,53610831,53615261,53620190,53641267,53642200,53651707,53658169,53664150,53672172,53719955,53721907,53729646,53749519,53753552,53757652,53758533,53765029,53768089,53778612,53780210,53788079,53788343,53791789,53808971,53814223,53814918,53815252,53822716,53824940,53830259,53577774,53563778,53541461,53521691,53510795,53509846,53505778,53497887,53450287,53449173,53446954,53436163,53433513,53420956,53416623,53401497,53390929,53852874,53853194,53865120,53869425,53875193,53882868,53894197,53906974,53926590,53934895,53935728,53972015,53972302,53979651,53989942,54032023,54034377,54036186,54036777,54042424,54044875,54048595,54061608,54062446,54063384,54074033,54085682,54095096,54098886,54101016,54106763,54114782,54121334,54123606,54137966,54143938,54144903,54153641,54155071,54186897,54190086,54195698,54206452,54209876,54212781,54225634,54231595,54030169,54024862,54018580,54011560,54009421,54007505,54002881,53991240,54243298,54247628,54249774,54251443,54293776,54306698,54323416,54337267,54379539,54398529,54400171,54405389,54408810,54412583,54413720,54422967,54423675,54425874,54435291,54450477,54495400,54515747,54522473,54535864,54552276,54555555,54562742,54563638,54572896,54584678,54603090,54610250,54637855,54639019,54640639,54656883,54664232,54665024,54673207,54674216,54678707,54699361,54699627,54701697,54714479,54717521,54722973,54731087,54736774,54748104,54766257,54769322,54818246,54827452,54832384,54836516,54860530,54870412,54890152,54894626,54896021,54901886,54911532,54956839,54973249,55007705,55007872,55012283,55021354,55029406,55033257,55033530,55055012,55063892,55073702,55100237,55104350,55112116,55114184,55123662,55127419,55131340,55133707,55134741,55137165,55138046,55166703,55174739,55183843,55186623,55211145,55217925,55220062,55227892,55241765,55244555,55245063,54995782,54958601,54946274,54937499,54930863,54922713,54916142,54916106,55260631,55269816,55272746,55275226,55291089,55296807,55300845,55301968,55304844,55308758,55317725,55328713,55360924,55361225,55364519,55372996,55404583,55411725,55419603,55486098,55494442,55497157,55505507,55506313,55520844,55535820,55544961,55559437,55576386,55584007,55600537,55633303,55634733,55658027,55658216,55664884,55673596,55692332,55706206,55707594,55708382,55714172,55730676,55742881,55757440,55764016,55776952,55783035,55795874,55796344,55799280,55812287,55831187,55831923,55836933,55838649,55840241,55844091,55850808,55872430,55877593,55878044,55880703,55882113,55890656,55890722,55906108,55908800,55915869,55923707,55928367,55928924,55951563,55961635,55966993,55970803,56005156,56006141,56015025,56017568,56018960,56024818,56026489,56028102,56029155,56033233,56036512,56040375,56042158,56045149,56046093,56048159,56048575,56064951,56066529,56084616,56100659,56106558,56112306,56115068,56118823,56122204,56129612,56133874,56144584,56153390,56155455,56162748,56170251,56171025,56175151,56177987,56178003,56179038,56203102,56203377,56205073,56219485,56230133,56241962,56246898,56263484,56265368,56271154,56274065,56276191,56281073,56287234,56288018,56313354,56331444,56346416,56356294,56358460,56370558,56371228,56374443,56376311,56379491,56382677,56420850,56424361,56432113,56442715,56444756,56450780,56454248,56459854,56467135,56474415,56491104,56517558,56526192,56535751,56544771,56544817,56544890,56547317,56548927,56557909,56568911,56577908,56584748,56598690,56599704,56605217,56618804,56625314,56641513,56652544,56656278,56675501,56677252,56688230,56688657,56689507,56691081,56693425,56693699,56700602,56707707,56715083,56726840,56734326,56736280,56746373,56755853,56795037,56803894,56820126,56833233,56836579,56837811,56838153,56851148,56858478,56859948,56871406,56884375,56896664,56932937,56936969,56937047,56953356,56956065,56992931,57020659,57062998,57071860,57090794,57160760,57170179,57184032,57189689,57190824,57206237,57240186,57242621,57315689,57327210,57358769,57407558,57411801,57418589,57421197,57432036,57481042,57484960,57485202,57485657,57487044,57512230,57515434,57566094,57576823,57583175,57595493,57596812,57597705,57598017,57604472,57614984,57623193,57637048,57656699,57658600,57673664,57673910,57676231,57685815,57696359,57702048,57705072,57728783,57751779,57759426,57767793,57774138,57774698,57775818,57776699,57801659,57815952,57831977,57859436,57859893,57897529,57925104,57926782,57928403,57930048,57946108,57960057,57977484,57978556,57989162,57990263,58025992,58034373,58060290,58100000,58104992,58115480,58122836,58124200,58125045,58158971,58175478,58199730,58199943,58200594,58223646,58233532,58235491,58248151,58261239,58288139,58318839,58327163,58328581,58343813,58379394,58384133,58402058,58433986,58454538,58475923,58488156,58522442,58531481,58540439,58547572,58577374,58577777,58594946,58597047,58667491,58669868,58679043,58686271,58700872,58703001,58707437,58710483,58739359,58780883,58785305,58818546,58848521,58875726,58876379,58879983,58943400,58943463,58948617,58949092,58959509,59001501,59002807,59007011,59079716,59085429,59088669,59089653,59107413,59125255,59184468,59191168,59198122,59232409,59255772,59266645,59287419,59287774,59288002,59290423,59304686,59317902,59365893,59376928,59377009,59381274,59382475,59385908,59386127,59388961,59428345,59432584,59460188,59474500,59493422,59504399,59525402,59529810,59592310,59596467,59606793,59614865,59616894,59617833,59642779,59647884,59652494,59665843,59666501,59674470,59690152,59704158,59712502,59717352,59720793,59724105,59743725,59748245,59749945,59753180,59791866,59812351,59824038,59825151,59826772,59838157,59842469,59847307,59847830,59850988,59854961,59861400,59863515,59866891,59868016,59870691,59877917,59881021,59898333,59929846,59944119,59950379,59958494,59962094,59965610,59970545,59993307,60003714,60011111,60040378,60041193,60041898,60044588,60044919,60052943,60053025,60061380,60069925,60071633,60073031,60085294,60097203,60097704,60098756,60099074,60100900,60104686,60112051,60118536,60119499,60122057,60127866,60146409,60160780,60173518,60174026,60186752,60187062,60192286,60197158,60199969,60030010,59904624,59900542,59794133,59771487,59771025,59766049,59762751,59761251,59755939,59755517,59754604,59753305,59752364,59671997,59670134,59657404,59653971,59649506,59649489,59646551,59646155,59642199,59641459,59636003,59635072,59630183,59569411,59562573,59549893,59545865,59545330,59536308,59536057,59535549,59530793,59442712,59440705,59425953,59403270,59403141,59354427,59342187,59327761,59312056,59308739,59306591,59304852,59299150,59291727,59280610,59274878,59256636,59239610,59214114,59183808,59181135,59176799,59158776,59139847,59115645,59095750,59089620,59083493,59083457,59082069,59075303,59074686,59055013,59053035,59039623,59016954,59003007,58975374,58919179,58908191,58899115,58886646,58881316,58880200,58855700,58849916,58839980,58834064,58832202,58825640,58823881,58815566,58806767,58800452,58753310,58747148,58747002,58745493,58739674,58734406,58731553,58731237,58701334,58698209,58674597,58673335,58665025,58662826,58654481,58630773,58626069,58598380,58597811,58597171,58590879,58547697,58544295,58542817,58540231,58527369,58522622,58518036,58486267,58485364,58461872,58437113,58428979,58422419,58417097,58413114,58311867,58273377,58241826,58235701,58223097,58194646,58190177,58187715,58186199,58162916,58137553,58095938,58078571,57973367,57965649,57934305,57913383,57878152,57874809,57873461,57843139,57828210,57827246,57823937,57823796,57819292,57817515,57790165,57762869,57762753,57754504,57733989,57733682,57732734,57694144,57612911,57612042,57605228,57591529,57575803,57556867,57553874,57535349,57530914,57530029,57528586,57516991,57516210,57507147,57493701,57488804,57475415,57472121,57462847,57455044,57450657,57435839,57406228,57401672,57401288,57395931,57388518,57364050,57362268,57360423,57329910,57317947,57308469,57272501,57222817,57222784,57215479,57211601,57203782,57184216,57173430,57169016,57161211,57110885,57081765,57059075,57057601,57028398,60203852,60206497,60217171,60225792,60230269,60231985,60255700,60266278,60275609,60279729,60283476,60284230,60296188,60297067,60310853,60311110,60311167,60321950,60322903,60325447,60334852,60342928,60348996,60377777,60377821,60378437,60388047,60393622,60403990,60409112,60410225,60417369,60452663,60454807,60454808,60469771,60490796,60493712,60498647,60507650,60508384,60511075,60513703,60526646,60529603,60536028,60537937,60540302,60543482,60556852,60562743,60569129,60600843,60605767,60605888,60618609,60620278,60620334,60622208,60633340,60636336,60638067,60639909,60672906,60700793,60720998,60723385,60731232,60740640,60740907,60764289,60764682,60766922,60767082,60792649,60807267,60808943,60815779,60825112,60825443,60827175,60829595,60838043,60839282,60854079,60891113,60901275,60914204,60920676,60927854,60931328,60934653,60960847,60964823,60967811,60971915,60980819,60981908,60985364,60985978,60998750,61009671,61035827,61036628,61063927,61064380,61076415,61078823,61082995,61084623,60818711,60658732,60654194,60652332,61087791,61094399,61102903,61104018,61111274,61114175,61121063,61128786,61136939,61142937,61147109,61147593,61158150,61194156,61203303,61209206,61216641,61229930,61231063,61251665,61254046,61259765,61268741,61272066,61278391,61278972,61279084,61280370,61284692,61323968,61340560,61346894,61347740,61348453,61349428,61350025,61350327,61350728,61364578,61370077,61371862,61387074,61389298,61390277,61401385,61449338,61456804,61462407,61470109,61478805,61479321,61485610,61486407,61507368,61514187,61525082,61540205,61542319,61563057,61576865,61580934,61593341,61596529,61596700,61600487,61608615,61622169,61623340,61624066,61641920,61651432,61664440,61668424,61670331,61677339,61682485,61696720,61703189,61704713,61706868,61708446,61711012,61715338,61715681,61717692,61718801,61726969,61759705,61761307,61772337,61776662,61782748,61786735,61793482,61794441,61824769,61829414,61832107,61891902,61893560,61894862,61905249,61914313,61930078,61931878,61932204,61940953,61950037,61972358,61993399,61996759,62011098,62019859,62024235,62094637,62101698,62131463,62131566,62158367,62164723,62164904,62169244,62170676,62173063,62184354,62205435,62210041,62210969,62215003,62219938,62224049,62231547,62262973,62270944,62286368,62297041,62313844,62328246,62328845,62356157,62367233,62376555,62385556,62390288,62392035,62394302,62394487,62403334,62409330,62411956,62413530,62419042,62451431,62453588,62474856,62517092,62574413,62578945,62584162,62599412,62633292,62641766,62644874,62663312,62667381,62671241,62682432,62696099,62696413,62706742,62708010,62713371,62713676,62720926,62723680,62724337,62752921,62765190,62792339,62812220,62817861,62818855,62828879,62860011,62870964,62875697,62876986,62879308,62902243,62905941,62915424,62924646,62925528,62941108,62941233,62942329,62945117,62945689,62952075,62959590,62993026,62999487,63003422,63010522,63011387,63019085,63037154,63087758,63142360,63149798,63153511,63175498,63181045,63192305,63192924,63195534,63198867,63208805,63243778,63244791,63262186,63287828,63294120,63297454,63300973,63304066,63305982,63307336,63363431,63403071,63410500,63414092,63428812,63450853,63467186,63469189,63498537,63500888,63505505,63512504,63513004,63514132,63520427,63525176,63526517,63527174,63537532,63539133,63546329,63586448,63588312,63591656,63599146,63602663,63609758,63619365,63627669,63635603,63636014,63637135,63662050,63673683,63702851,63703644,63708047,63723343,63724513,63733419,63737894,63766652,63778054,63778066,63795067,63799148,63804113,63818429,63837395,63870299,63872864,63874381,63881333,63883661,63886816,63914394,63937300,63949031,63958180,64000711,64001256,64018812,64025149,64040649,64091866,64100374,64100563,64101921,64102375,64108284,64111065,64128731,64136620,64138082,64146964,64173399,64180256,64191213,64196102,64202421,64215999,64227787,64232114,64235150,64269285,64270958,64284105,64287670,64288961,64292792,64295376,64309772,64333779,64339972,64340217,64360552,64073269,64072826,64050974,64043879,64043503,64042860,64038762,64038376,64013192,64007049,64006976,64000305,63995333,63988885,63971351,63960513,63955610,63945319,63940197,63931804,63917484,63683903,63662899,63660288,63616206,63534262,63476810,63473569,63467021,63457734,63457459,63408086,63402180,63401343,63400957,63399443,63386618,63374282,63367414,63364143,63361611,63331268,63323670,63173061,63172988,63168544,63164050,63159176,63158780,63132109,63124297,63124088,63110514,63102811,63099059,63095987,63093708,63090491,63074588,63073857,63072449,63048722,63029281,62897952,62885633,62884296,62873089,62851369,62844160,62843237,62842297,62808796,62801891,62777890,62776206,62771540,62613996,62599939,62596561,62593351,62584514,62578842,62536249,62531737,62511427,62506767,62497522,62349355,62347166,62293548,62096361,62087804,62084482,62081343,62065628,61883579,61876599,61864691,61860340,61859848,61849455,61836732,61804631,64364299,64364682,64366713,64373492,64379035,64417434,64429848,64433405,64441294,64447585,64449836,64464267,64465062,64468895,64471669,64491770,64499458,64500405,64500922,64505929,64513196,64541194,64546273,64560002,64562968,64566297,64567016,64570179,64589251,64589929,64594146,64595804,64601107,64617670,64623233,64625302,64665972,64666310,64675000,64675784,64691436,64695477,64707013,64716693,64721953,64727231,64794407,64808746,64809064,64837259,64867246,64878392,64884176,64898553,64910472,64927983,64930632,64935325,64935794,64949149,64952776,64958830,64966988,64974787,64977149,64983555,64986357,64988000,64989012,65011638,65015372,65017434,65023557,65034863,65050169,65071531,65074614,65077831,65079976,65090497,65090790,65127276,65150308,65166921,65175602,64892007,64875897,64867366,64864709,64861657,64848860,64820192,64814400,64808326,64797882,64784238,64779602,64776286,64768437,64752576,64746999,64479697,64479390,65179800,65184691,65185998,65187024,65195254,65196320,65208982,65216269,65216515,65227729,65254151,65254287,65255012,65257225,65282512,65290120,65290279,65300807,65317386,65365666,65369418,65374626,65385125,65396884,65398109,65409859,65415489,65418757,65420026,65429377,65438947,65475731,65494274,65495083,65501926,65504307,65505617,65507491,65511136,65514338,65524652,65545864,65563443,65567490,65571383,65573012,65576037,65577430,65598923,65605795,65615560,65336742,65328664,65319421,65319189,65315709,65314358,65311693,65310184,65309762,65289057,65621415,65622419,65626005,65626189,65627792,65628236,65641879,65645195,65648281,65649611,65657184,65665971,65692891,65698465,65703029,65711134,65718253,65718318,65728953,65756905,65760787,65773589,65801953,65803757,65817087,65832799,65839646,65840138,65845217,65854634,65861815,65870166,65890121,65900514,65903447,65903493,65907256,65910042,65918372,65918909,65923010,65926098,65927246,65937444,65944341,65944454,65947348,65948047,65951040,65951574,65956416,65968435,65974128,65974419,65992858,66005443,66015314,66029193,66030105,66031407,66036599,66047246,66059332,65863772,66063221,66082391,66088913,66090545,66101376,66105240,66106562,66108145,66112918,66115492,66119225,66119818,66122596,66126083,66149400,66149455,66152842,66159621,66167308,66175210,66178222,66179507,66197097,66197432,66223329,66228328,66228374,66247031,66251255,66260078,66261512,66266744,66275920,66283860,66302196,66304275,66316925,66319690,66324584,66331702,66332724,66348708,66356045,66360909,66380262,66380283,66385015,66385395,66391257,66409483,66414327,66423898,66424655,66425132,66426718,66440864,66454103,66458121,66461259,66464226,66466082,66474552,66475893,66478979,66479721,66483830,66493234,66502389,66520857,66526988,66531332,66544318,66551114,66552442,66554403,66568781,66571283,66571792,66576359,66615523,66626366,66628856,66629485,66634110,66648350,66650844,66654223,66671357,66673563,66680808,66681403,66681535,66699073,66699861,66707767,66709298,66722773,66766941,66782300,66790778,66834154,66845599,66849083,66855443,66863103,66866779,66868935,66871063,66874500,66877951,66882849,66885760,66905263,66919362,66937643,66951453,66958577,66961301,66964447,66964776,66966903,66967371,66973544,66990515,66999438,67004574,67013319,67017584,67022476,67029621,67040438,67042253,66820988,66818700,66816722,66803905,66801501,66767300,66579363,66577613,67046178,67056811,67057095,67059316,67069392,67076941,67077143,67077826,67090794,67096540,67106509,67123205,67126119,67130778,67131342,67131817,67133968,67169018,67169394,67179798,67191862,67193421,67197779,67198798,67212959,67233874,67238979,67261966,67266684,67267180,67309597,67309889,67314830,67316269,67316287,67317720,67324889,67332350,67333103,67333570,67339200,67352603,67352871,67362969,67367096,67367238,67379984,67381879,67384593,67387534,67393279,67397646,67401032,67402389,67402797,67406957,67413542,67420988,67422235,67423768,67434511,67439492,67444945,67447488,67458377,67468533,67469770,67477297,67506727,67510779,67515841,67518372,67521167,67531322,67536447,67538460,67561961,67573967,67575922,67581015,67591229,67606424,67608482,67624704,67631456,67638358,67640412,67641749,67642753,67644645,67725729,67726923,67728817,67733175,67746419,67761827,67766329,67773741,67794112,67799734,67803448,67805295,67811512,67815747,67816144,67820072,67829206,67832418,67868616,67870838,67875119,67580408,67879033,67883005,67885792,67890574,67902372,67906871,67911904,67913028,67919392,67924288,67927314,67931325,67933725,67936753,67943685,67951982,67965954,67969409,67971598,67973528,67978159,67979191,67984747,67995284,67996971,67999553,68005132,68009253,68021161,68026654,68031219,68034107,68035368,68038924,68040580,68056927,68072245,68072279,68084019,68088379,68090247,68093454,68095117,68096325,68098754,68100414,68100488,68102470,68102496,68104021,68105978,68107966,68108025,68111235,68111432,68111719,68118571,68131428,68133716,68134271,68134607,68141815,68141890,68151506,68185241,68188973,68195050,68215060,68215367,68225850,68227273,68238265,68238272,68252525,68257249,68273448,68280817,68282832,68289786,68294390,68296255,68314841,68316815,68317153,68329622,68332554,68336776,68348279,68350472,68363352,68374059,68375620,68378963,68383035,68387360,68397233,68398088,68434069,68436119,68440047,68442177,68443282,68454510,68471422,68475623,68476596,68482262,68486202,68487714,68509099,68522929,68536810,68541814,68542572,68543032,68557860,68559224,68559285,68561191,68562708,68572259,68582955,68583785,68592720,68620638,68622282,68628242,68628470,68633885,68634592,68637394,68640802,68648311,68648569,68650493,68652798,68659505,68669267,68673324,68673666,68681883,68686331,68701481,68706003,68710124,68716434,68716515,68716950,68723050,68724443,68728794,68732077,68732987,68740437,68759292,68761214,68763547,68773263,68774967,68776294,68776818,68776921,68821535,68824518,68835946,68839468,68847723,68850550,68852741,68854718,68856713,68862526,68872777,68875360,68878154,68882363,68886803,68890346,68890702,68891127,68894313,68896327,68911209,68922492,68923293,68931466,68935140,68945159,68958630,68978006,68990976,68996358,68997909,69000705,69001097,69005752,69010242,69011959,69021388,69030972,69044425,69047438,69055557,69094527,69103726,69109610,69113046,69114115,69120862,69121976,69123743,69132346,69137857,69158446,69161689,69165392,69175171,69180308,69182967,69199176,69199570,69206526,69209459,69225293,69254240,69291227,69346283,69351333,69369724,69392147,69398318,69401600,69407816,69410637,69412248,69443047,69448318,69448661,69453734,69464296,69483414,69485745,69492012,69501763,69509790,69511996,69535964,69539526,69542538,69542686,69573675,69577456,69578275,69586247,69590098,69594641,69598711,69634538,69638407,69644380,69655016,69657930,69660236,69693713,69704611,69705214,69708470,69709227,69709349,69714500,69722711,69732459,69474030,69470051,69347609,69326475,69323429,69314197,69313250,69305780,69299806,69291207,69290769,69281168,69271992,69268836,69233340,69230829,69229722,69225843,69215668,69736198,69742848,69766737,69775896,69805206,69811409,69811611,69812072,69817230,69824618,69824652,69849882,69863374,69870326,69880852,69883211,69894230,69923125,69923741,69929526,69929855,69936522,69942132,69975993,69982001,69990055,69991456,70007701,70012975,70018537,70024383,70026761,70029504,70044257,70049800,70068465,70076945,70080540,70081568,70082494,70083511,70095796,70099529,70104298,70113459,70116422,70117898,70127015,70143918,70144966,70164633,70165147,70167123,70183693,70187745,70201080,70203493,70215418,70246545,70247422,70259798,70262630,70266323,70283297,70297171,70317726,70324411,70331340,70343248,70367776,70382960,70420780,70445736,70449445,70454821,70455730,70463388,70495730,70498342,70514877,70517935,70543163,70557777,70563270,70569957,70573159,70580781,70581944,70583144,70592124,70596812,70597473,70600649,70615308,70615842,70622734,70627060,70653802,70656977,70659252,70659696,70659821,70667413,70689180,70435558,70402065,70366261,70365149,70351103,70302373,70288899,70286129,70282308,70278391,70276158,70275063,70274226,70272497,70270622,70702071,70702438,70718115,70727873,70737168,70739424,70739469,70741168,70743212,70744136,70749705,70750566,70750981,70753146,70757133,70761223,70761909,70763238,70765038,70768523,70768755,70778615,70784462,70785965,70790676,70792060,70800208,70800265,70802082,70802397,70811832,70823865,70839307,70846295,70855762,70857130,70862345,70863065,70864450,70867218,70870882,70877148,70885272,70888844,70889932,70895563,70898834,70900653,70904487,70907086,70932541,70944814,70945172,70949510,70954375,70955242,70957643,70958188,70961169,70964360,70970716,70973241,70974875,70984114,70985443,70986638,70992946,70994799,71021542,71032994,71037545,71041137,71045260,71051683,71054372,71057972,71060216,71064122,71074654,71075669,71080349,71095957,71116054,71116406,71142612,71162082,71163073,71170706,71174099,71213465,71220502,71221124,71247494,71249606,71269854,71293354,71293647,71294041,71312745,71323109,71323823,71326692,71345313,71380347,71384216,71384557,71393250,71411800,71419378,71420985,71425921,71426635,71429372,71447597,71457803,71458866,71470980,71472011,71473378,71475621,71484653,71485105,71485772,71496861,71500007,71501266,71503348,71520539,71527576,71529265,71529369,71529865,71531898,71539423,71555079,71352719,71338801,71331964,71308194,71305816,71293768,71293563,71287637,71279744,71278570,71276221,71266139,71243842,71229425,71224370,71210622,71209190,71208546,71207857,71204958,71204907,71171462,71170084,71168492,71157470,71155955,71155147,71144316,71143891,71142196,71137905,71137499,71136741,71134933,71131285,71113714,71111051,71109864,71090263,71090231,71084415,71080292,71075133,71560618,71570157,71572692,71573620,71582145,71600258,71603459,71607821,71609348,71618135,71620303,71648527,71649740,71649900,71661423,71666920,71667314,71668662,71689090,71697003,71707454,71718554,71727833,71734949,71736002,71738307,71738335,71740945,71743149,71748169,71751275,71758064,71767677,71770977,71787174,71798815,71815657,71818374,71819296,71824564,71825092,71831918,71837345,71851555,71869658,71871242,71875351,71875766,71877586,71881681,71904290,71912635,71912822,71933148,71936829,71939685,71939707,71939974,71941558,71942509,71946577,71953456,71956117,71966918,72008971,72010030,72013109,72023290,72032322,72037280,72045749,72046255,72047212,72057755,72068112,72077735,72086982,72087809,72103155,72109197,72109298,72111289,72111358,72113125,72115109,72116390,72121911,72128752,72132702,72135017,72138926,72147452,72155889,72161718,72169993,72193507,72220453,72249970,72251940,72272309,72273446,72293964,72330791,72349184,72354651,72360887,72400870,72414252,72436791,72444598,72451970,72458554,72461973,72471975,72475991,72487907,72494976,72497547,72508225,72510247,72511695,72519070,72522021,72525694,72528826,72531922,72537393,72542504,72549988,72556393,72565321,72566542,72569906,72571105,72576147,72577973,72587108,72592500,72386545,72364414,72363539,72352776,72349593,72348791,72331138,72329213,72320894,72311985,72304498,72301264,72295880,72288914,72281893,72262618,72243823,72235265,72234315,72229510,72226190,72215317,72205660,72190232,72181000,72180777,72178402,72170962,72595271,72597457,72605108,72613105,72621710,72627215,72632492,72634410,72636665,72641389,72650041,72650851,72659723,72661060,72662554,72671729,72674525,72678373,72680095,72685781,72686943,72687427,72691259,72695642,72695823,72698720,72701330,72713125,72713207,72716070,72732579,72732972,72733187,72746748,72768952,72771122,72772109,72772791,72776216,72783241,72784478,72794939,72798316,72802287,72808924,72810468,72815782,72828955,72831816,72846782,72847668,72849888,72858346,72869330,72870852,72876375,72882080,72884406,72886707,72888131,72902770,72908198,72910387,72932409,72936211,72948655,72949705,72960343,72961251,72965112,72967648,72967821,72969900,72975255,72977702,72977973,72981198,72990777,72991299,72826479,72817958,72996295,73017815,73020950,73025783,73026519,73028206,73030363,73034048,73041326,73053537,73057923,73060671,73062821,73080097,73081557,73093790,73097199,73107678,73112948,73136884,73138666,73140792,73143215,73149716,73151122,73153995,73154749,73158411,73161473,73163437,73163525,73169068,73178325,73178943,73192499,73204784,73206785,73208422,73212343,73219397,73231283,73237428,73247065,73248359,73253447,73254211,73256158,73277520,73277790,73287066,73288413,73288514,73306109,73311768,73313592,73314292,73316574,73318691,73320413,73324350,73327986,73335976,73378168,73379369,73390841,73391894,73394619,73397716,73404016,73419473,73420665,73440315,73448929,73453187,73457302,73459056,73461858,73465911,73480750,73500828,73507453,73523525,73525834,73533497,73536932,73537326,73538926,73544093,73545475,73545599,73547671,73568702,73571291,73574087,73582767,73584561,73593084,73593220,73603499,73610264,73612458,73629574,73629709,73656752,73658981,73660749,73683630,73685754,73686094,73690892,73697494,73702711,73706272,73719216,73719717,73732398,73772775,73773325,73782509,73790489,73795201,73800637,73809407,73811618,73820507,73851737,73865178,73867712,73868487,73886504,73888463,73900337,73905577,73909753,73925605,73933649,73953432,73965014,73968266,73970442,73978737,73979498,73980944,74051254,74056718,74084049,74142523,74147561,74154402,74155665,74178823,74180319,74191478,74226320,74250506,74294151,74340191,74343982,74344912,74347235,74400966,74414935,74453854,74458048,74461500,74475638,74479965,74595582,74596201,74596813,74614227,74619558,74622467,74626770,74638863,74652332,74658260,74658878,74663952,74686484,74688747,74712679,74718387,74719078,74731618,74733160,74739651,74740668,74769073,74769498,74769951,74771653,74780785,74788003,74788731,74789402,74795939,74809066,74822755,74561560,74541711,74540466,74537223,74534408,74530241,74518031,74513237,74495518,74485079,74472533,74465552,74465040,74463083,74447977,74447192,74445449,74443517,74412014,74409204,74396737,74390149,74390136,74388036,74373519,74367480,74364771,74353994,74300543,74297137,74280156,74267008,74266540,74262289,74258940,74248333,74217388,74155244,74149761,74128667,74098973,74071601,74067011,74035627,74026086,74025045,73995481,74825965,74851048,74853083,74864166,74864872,74902588,74903088,74913575,74919278,74924805,74928902,74940506,74987666,74989827,74992009,74994051,74994613,75004129,75013938,75023380,75071909,75075092,75076433,75081528,75090259,75090970,75099179,75100652,75110147,75114624,75124316,75124486,75135149,75136565,75137427,75152284,75152401,75157823,75158554,75162469,75172504,75173778,75174856,75177038,75187641,75207398,75221699,75234507,75234767,75239530,75248138,75298117,75304488,75319660,75336017,75337310,75353522,75355866,75364168,75365561,75391004,75404616,75406907,75414408,75414955,75423896,75440017,75446361,75446799,75451239,75458104,75459096,75461808,75463272,75465720,75465741,75467742,75468316,75475062,75486052,75489615,75505612,75530584,75532295,75532498,75539112,75543340,75548903,75549710,75556905,75556909,75561125,75581004,75586855,75591162,75596477,75597450,75597537,75603548,75605568,75614013,75615778,75625747,75629010,75630572,75655927,75671070,75673029,75674687,75699267,75699268,75700654,75720990,75721651,75722826,75724896,75745472,75746770,75747495,75751797,75758176,75765614,75769453,75777154,75782120,75788445,75794729,75805092,75805587,75808438,75816457,75822947,75827286,75828017,75829566,75833280,75840241,75851025,75866928,75867959,75874024,75877160,75889649,75891504,75898649,75901751,75902770,75909470,75911718,75917947,75920706,75926595,75934493,75944198,75947125,75947406,75948202,75952473,75953279,75970068,75972481,75986279,75989158,75992290,75996612,75997356,76000254,76002087,76003764,76004003,76005956,76011038,76012811,76016299,76017976,76018197,76026892,76038531,76041687,76043300,76056657,76058889,76061610,76066143,76067626,76067723,76078496,76081135,76087299,76099211,76100616,76102646,76102998,76104581,76104595,76109079,76117530,76119157,76122355,76124373,76125385,76134682,76135641,76137846,76139015,76140764,76146716,76146971,76153569,76154145,76154845,76156428,76165737,76166705,76170786,76173168,76174447,76175731,76184098,76185653,76190710,76197256,76198754,76198958,76206084,76210277,76211290,76214214,76214925,76217291,76220129,76221953,76223726,76225840,76226379,76226657,76237625,76243081,76261857,76267968,76272859,76273788,76274041,76276689,76279731,76280738,76283572,76286234,76307007,76307846,76311875,76311976,76317790,76328275,76333190,76335704,76339726,76342433,76362759,76365489,76365538,76371734,76373661,76381370,76396899,76398353,76403534,76409272,76416431,76427537,76428933,76433097,76447005,76471741,76475372,76480580,76481004,76481802,76485096,76517599,76536638,76554595,76565325,76565450,76565466,76573531,76573532,76577612,76610020,76612391,76627245,76641146,76621100,76619240,76611464,76581726,76555400,76541165,76536715,76529704,76529059,76520619,76518268,76512953,76485138,76484162,76481199,76461676,76456957,76448109,76446892,76443689,76442828,76435944,76435321,76434246,76433653,76432018,76637611);
